model=vitbase
classes=100
checkpoint=checkpoints/teachers/cifar100/best_vitbase.keras
accuracy=0.91500002
avg_confidence=0.92724609
ece_bins=15
ece=0.01747447
confidence_minus_accuracy=0.01224607
bin_centers=0.033333,0.100000,0.166667,0.233333,0.300000,0.366667,0.433333,0.500000,0.566667,0.633333,0.700000,0.766667,0.833333,0.900000,0.966667
bin_accs=0.000000,0.400000,0.136364,0.357143,0.463415,0.405797,0.527778,0.437500,0.573604,0.558376,0.639175,0.711934,0.809384,0.854452,0.982553
bin_confs=0.000000,0.118103,0.172974,0.242310,0.304199,0.364502,0.432861,0.501465,0.567383,0.630859,0.702148,0.767578,0.835938,0.902832,0.990234
bin_counts=0,5,22,28,41,69,108,176,197,197,194,243,341,584,7795
