model=resnet50
classes=100
checkpoint=checkpoints/students/cifar100/single_teacher/resnet50/T2/distill_convnexttiny.keras
accuracy=0.81860000
avg_confidence=0.77091515
ece_bins=15
ece=0.04768481
confidence_minus_accuracy=-0.04768485
bin_centers=0.033333,0.100000,0.166667,0.233333,0.300000,0.366667,0.433333,0.500000,0.566667,0.633333,0.700000,0.766667,0.833333,0.900000,0.966667
bin_accs=0.555556,0.176471,0.280303,0.341991,0.407166,0.474490,0.515086,0.594912,0.619247,0.695560,0.828452,0.821555,0.907407,0.930528,0.988478
bin_confs=0.037502,0.100431,0.170687,0.235326,0.302987,0.369274,0.433645,0.499299,0.565829,0.633024,0.701702,0.767095,0.835948,0.902204,0.980230
bin_counts=27,51,132,231,307,392,464,511,478,473,478,566,702,1022,4166
