model=resnet50
classes=100
checkpoint=checkpoints/students/cifar100/single_teacher/resnet50/T2/distill_vitbase.keras
accuracy=0.87440002
avg_confidence=0.89304847
ece_bins=15
ece=0.02417789
confidence_minus_accuracy=0.01864845
bin_centers=0.033333,0.100000,0.166667,0.233333,0.300000,0.366667,0.433333,0.500000,0.566667,0.633333,0.700000,0.766667,0.833333,0.900000,0.966667
bin_accs=0.000000,0.266667,0.300000,0.333333,0.414141,0.344538,0.423077,0.509728,0.471910,0.617747,0.602317,0.722992,0.785714,0.827988,0.979583
bin_confs=0.000000,0.110567,0.171004,0.236435,0.305080,0.368423,0.435669,0.501630,0.567080,0.635562,0.700768,0.767965,0.834277,0.904176,0.988977
bin_counts=0,15,40,75,99,119,182,257,267,293,259,361,392,686,6955
