model=resnet50
classes=100
checkpoint=checkpoints/students/cifar100/single_teacher/resnet50/T2/distill_convnextlarge.keras
accuracy=0.87849998
avg_confidence=0.88328087
ece_bins=15
ece=0.01485131
confidence_minus_accuracy=0.00478089
bin_centers=0.033333,0.100000,0.166667,0.233333,0.300000,0.366667,0.433333,0.500000,0.566667,0.633333,0.700000,0.766667,0.833333,0.900000,0.966667
bin_accs=0.000000,0.150000,0.233333,0.321839,0.408696,0.440994,0.479592,0.480916,0.586466,0.597786,0.670886,0.742765,0.787879,0.878453,0.984289
bin_confs=0.058918,0.114395,0.175134,0.236211,0.300688,0.368736,0.432138,0.500587,0.566379,0.635400,0.699512,0.766511,0.834500,0.903528,0.988228
bin_counts=2,20,60,87,115,161,196,262,266,271,316,311,462,724,6747
