model=resnet50
classes=100
checkpoint=checkpoints/students/cifar100/single_teacher/resnet50/T2/distill_resnet152v2.keras
accuracy=0.85200000
avg_confidence=0.89059335
ece_bins=15
ece=0.03918202
confidence_minus_accuracy=0.03859335
bin_centers=0.033333,0.100000,0.166667,0.233333,0.300000,0.366667,0.433333,0.500000,0.566667,0.633333,0.700000,0.766667,0.833333,0.900000,0.966667
bin_accs=0.000000,0.125000,0.227273,0.267857,0.282828,0.268456,0.427835,0.469534,0.498316,0.588850,0.557276,0.644509,0.699541,0.812693,0.972149
bin_confs=0.000000,0.108854,0.178024,0.236955,0.304268,0.367439,0.433358,0.499874,0.566491,0.634486,0.699998,0.768389,0.836247,0.904110,0.989866
bin_counts=0,8,22,56,99,149,194,279,297,287,323,346,436,646,6858
